image: ./simple10x10.pgm
resolution: 0.005000
origin: [-12.520000, -11.080000, 0.000000]
negate: 0
occupied_thresh: 0.65
free_thresh: 0.196

